M1 = 495;
M2 = 40;
K1 = 5800;
K2 = 155000;
b = 270;